-5.000000e-01 0.000000e+00
-5.000000e-01 3.374850e-04
-4.999832e-01 1.017466e-03
-4.999062e-01 2.044741e-03
-4.997746e-01 3.084676e-03
-4.995855e-01 4.134665e-03
-4.993352e-01 5.191252e-03
-4.990201e-01 6.250485e-03
-4.986364e-01 7.307766e-03
-4.981808e-01 8.357951e-03
-4.976510e-01 9.395541e-03
-4.970455e-01 1.041503e-02
-4.963648e-01 1.141141e-02
-4.956107e-01 1.238075e-02
-4.947872e-01 1.332079e-02
-4.938999e-01 1.423194e-02
-4.929526e-01 1.511391e-02
-4.919508e-01 1.596906e-02
-4.908976e-01 1.679809e-02
-4.897977e-01 1.760480e-02
-4.886549e-01 1.839284e-02
-4.874723e-01 1.916578e-02
-4.862515e-01 1.992556e-02
-4.849937e-01 2.067360e-02
-4.836996e-01 2.141099e-02
-4.823698e-01 2.213864e-02
-4.810047e-01 2.285734e-02
-4.796045e-01 2.356774e-02
-4.781698e-01 2.427113e-02
-4.767002e-01 2.496727e-02
-4.751961e-01 2.565772e-02
-4.736571e-01 2.634231e-02
-4.720833e-01 2.702165e-02
-4.704747e-01 2.769699e-02
-4.688308e-01 2.836776e-02
-4.671514e-01 2.903473e-02
-4.654363e-01 2.969827e-02
-4.636851e-01 3.035884e-02
-4.618975e-01 3.101684e-02
-4.600733e-01 3.167265e-02
-4.582118e-01 3.232660e-02
-4.563128e-01 3.297900e-02
-4.543758e-01 3.363012e-02
-4.524002e-01 3.428017e-02
-4.503856e-01 3.492938e-02
-4.483314e-01 3.557790e-02
-4.462369e-01 3.622590e-02
-4.441017e-01 3.687353e-02
-4.419252e-01 3.752096e-02
-4.397067e-01 3.816842e-02
-4.374456e-01 3.881616e-02
-4.327928e-01 4.011246e-02
-4.303998e-01 4.076107e-02
-4.279613e-01 4.141001e-02
-4.254767e-01 4.205933e-02
-4.229451e-01 4.270905e-02
-4.203658e-01 4.335921e-02
-4.177380e-01 4.400985e-02
-4.150609e-01 4.466101e-02
-4.123337e-01 4.531273e-02
-4.095556e-01 4.596505e-02
-4.067256e-01 4.661802e-02
-4.038430e-01 4.727165e-02
-4.009069e-01 4.792600e-02
-3.979162e-01 4.858106e-02
-3.948702e-01 4.923688e-02
-3.917678e-01 4.989344e-02
-3.886082e-01 5.055075e-02
-3.853903e-01 5.120881e-02
-3.821130e-01 5.186757e-02
-3.787755e-01 5.252701e-02
-3.753767e-01 5.318706e-02
-3.719154e-01 5.384768e-02
-3.683907e-01 5.450876e-02
-3.648013e-01 5.517022e-02
-3.611462e-01 5.583194e-02
-3.574242e-01 5.649381e-02
-3.536341e-01 5.715569e-02
-3.497748e-01 5.781744e-02
-3.458451e-01 5.847893e-02
-3.418436e-01 5.914000e-02
-3.377691e-01 5.980054e-02
-3.336205e-01 6.046043e-02
-3.293963e-01 6.111960e-02
-3.250953e-01 6.177804e-02
-3.207161e-01 6.243561e-02
-3.162574e-01 6.309208e-02
-3.117178e-01 6.374725e-02
-3.070958e-01 6.440089e-02
-3.023899e-01 6.505277e-02
-2.975988e-01 6.570266e-02
-2.927209e-01 6.635030e-02
-2.877546e-01 6.699545e-02
-2.826985e-01 6.763785e-02
-2.775509e-01 6.827720e-02
-2.723102e-01 6.891323e-02
-2.669748e-01 6.954562e-02
-2.615430e-01 7.017406e-02
-2.560132e-01 7.079821e-02
-2.503835e-01 7.141769e-02
-2.446523e-01 7.203212e-02
-2.388178e-01 7.264108e-02
-2.328781e-01 7.324413e-02
-2.268313e-01 7.384077e-02
-2.206756e-01 7.443017e-02
-2.144090e-01 7.501152e-02
-2.080295e-01 7.558397e-02
-2.015352e-01 7.614663e-02
-1.949240e-01 7.669858e-02
-1.881937e-01 7.723887e-02
-1.813424e-01 7.776649e-02
-1.743679e-01 7.828042e-02
-1.672680e-01 7.877956e-02
-1.600405e-01 7.926278e-02
-1.526832e-01 7.972890e-02
-1.451938e-01 8.017667e-02
-1.375700e-01 8.060479e-02
-1.298094e-01 8.101186e-02
-1.219098e-01 8.139644e-02
-1.138686e-01 8.175696e-02
-1.056835e-01 8.209178e-02
-9.735197e-02 8.239913e-02
-8.887149e-02 8.267711e-02
-8.023953e-02 8.292369e-02
-7.145351e-02 8.313667e-02
-6.251083e-02 8.331363e-02
-5.340886e-02 8.345199e-02
-4.414493e-02 8.354887e-02
-3.471637e-02 8.360118e-02
-2.512049e-02 8.360536e-02
-1.535457e-02 8.355737e-02
-5.460840e-03 8.345366e-02
4.471338e-03 8.329251e-02
1.435191e-02 8.307465e-02
2.413504e-02 8.280175e-02
3.382137e-02 8.247485e-02
4.341153e-02 8.209513e-02
5.290616e-02 8.166386e-02
6.230591e-02 8.118237e-02
7.161142e-02 8.065208e-02
8.082338e-02 8.007442e-02
8.994245e-02 7.945087e-02
9.896932e-02 7.878291e-02
1.079047e-01 7.807203e-02
1.167493e-01 7.731971e-02
1.255037e-01 7.652741e-02
1.341688e-01 7.569656e-02
1.427453e-01 7.482857e-02
1.512338e-01 7.392479e-02
1.596352e-01 7.298692e-02
1.679502e-01 7.201657e-02
1.761796e-01 7.101532e-02
1.843241e-01 6.998465e-02
1.923847e-01 6.892602e-02
2.003619e-01 6.784081e-02
2.082568e-01 6.673034e-02
2.160699e-01 6.559591e-02
2.238021e-01 6.443874e-02
2.314543e-01 6.326000e-02
2.390271e-01 6.206088e-02
2.465213e-01 6.084232e-02
2.539377e-01 5.960594e-02
2.612772e-01 5.835344e-02
2.685404e-01 5.708572e-02
2.757281e-01 5.580386e-02
2.828411e-01 5.450885e-02
2.898802e-01 5.320170e-02
2.968460e-01 5.188336e-02
3.037394e-01 5.055476e-02
3.105611e-01 4.921677e-02
3.173118e-01 4.787023e-02
3.239922e-01 4.651595e-02
3.306031e-01 4.515466e-02
3.371452e-01 4.378707e-02
3.436192e-01 4.241384e-02
3.500258e-01 4.103560e-02
3.563658e-01 3.965290e-02
3.626397e-01 3.826630e-02
3.688484e-01 3.687628e-02
3.749925e-01 3.548330e-02
3.810727e-01 3.408778e-02
3.870897e-01 3.269010e-02
3.930441e-01 3.129064e-02
3.989366e-01 2.988971e-02
4.047679e-01 2.848763e-02
4.105387e-01 2.708467e-02
4.219010e-01 2.427713e-02
4.274940e-01 2.287301e-02
4.330289e-01 2.146894e-02
4.385065e-01 2.006512e-02
4.439273e-01 1.866174e-02
4.492920e-01 1.725896e-02
4.546013e-01 1.585696e-02
4.598556e-01 1.445590e-02
4.650556e-01 1.305593e-02
4.702019e-01 1.165722e-02
4.752951e-01 1.025991e-02
4.803358e-01 8.864166e-03
4.853245e-01 7.470137e-03
4.902619e-01 6.077980e-03
4.951485e-01 4.687819e-03
4.983884e-01 3.758024e-03
5.000000e-01 3.293502e-03
