5.000000e-01 -1.706498e-03
4.983400e-01 -1.405289e-03
4.949992e-01 -8.410582e-04
4.899450e-01 -1.153832e-04
4.848292e-01 4.927790e-04
4.796528e-01 9.829508e-04
4.744175e-01 1.354606e-03
4.691249e-01 1.607999e-03
4.637768e-01 1.744165e-03
4.583747e-01 1.764660e-03
4.529205e-01 1.671422e-03
4.474155e-01 1.466944e-03
4.418612e-01 1.154322e-03
4.362586e-01 7.372830e-04
4.306087e-01 2.201641e-04
4.249121e-01 -3.921626e-04
4.191692e-01 -1.094445e-03
4.133800e-01 -1.881234e-03
4.075442e-01 -2.747359e-03
4.016611e-01 -3.687732e-03
3.957305e-01 -4.700270e-03
3.897508e-01 -5.777402e-03
3.837208e-01 -6.913011e-03
3.776389e-01 -8.100351e-03
3.715035e-01 -9.332755e-03
3.653126e-01 -1.060356e-02
3.590644e-01 -1.190627e-02
3.527569e-01 -1.323471e-02
3.463884e-01 -1.458324e-02
3.399570e-01 -1.594658e-02
3.334612e-01 -1.732228e-02
3.268997e-01 -1.870717e-02
3.202711e-01 -2.009836e-02
3.135740e-01 -2.149294e-02
3.068072e-01 -2.288809e-02
2.999694e-01 -2.428108e-02
2.930596e-01 -2.566925e-02
2.860766e-01 -2.705005e-02
2.790194e-01 -2.842107e-02
2.718871e-01 -2.978007e-02
2.646786e-01 -3.112500e-02
2.573932e-01 -3.245407e-02
2.500300e-01 -3.376580e-02
2.425882e-01 -3.505893e-02
2.350669e-01 -3.633189e-02
2.274655e-01 -3.758384e-02
2.197832e-01 -3.881378e-02
2.120192e-01 -4.002074e-02
2.041727e-01 -4.120366e-02
1.962430e-01 -4.236131e-02
1.882292e-01 -4.349223e-02
1.801305e-01 -4.459465e-02
1.719460e-01 -4.566634e-02
1.636747e-01 -4.670460e-02
1.553156e-01 -4.770582e-02
1.468678e-01 -4.866683e-02
1.383305e-01 -4.958516e-02
1.297030e-01 -5.045831e-02
1.209844e-01 -5.128397e-02
1.121741e-01 -5.205995e-02
1.032715e-01 -5.278425e-02
9.427598e-02 -5.345500e-02
8.518686e-02 -5.407057e-02
7.600364e-02 -5.462948e-02
6.672576e-02 -5.513051e-02
5.735271e-02 -5.557263e-02
4.788396e-02 -5.595509e-02
3.831900e-02 -5.627735e-02
2.865732e-02 -5.653917e-02
1.889839e-02 -5.674056e-02
9.041652e-03 -5.688184e-02
-8.938563e-04 -5.696343e-02
-1.081691e-02 -5.698644e-02
-2.063701e-02 -5.695454e-02
-3.028404e-02 -5.687325e-02
-3.976084e-02 -5.674797e-02
-4.907026e-02 -5.658387e-02
-5.821517e-02 -5.638626e-02
-6.719842e-02 -5.615971e-02
-7.602282e-02 -5.590812e-02
-8.469118e-02 -5.563489e-02
-9.320625e-02 -5.534290e-02
-1.015707e-01 -5.503466e-02
-1.097873e-01 -5.471230e-02
-1.178586e-01 -5.437766e-02
-1.257871e-01 -5.403234e-02
-1.335755e-01 -5.367770e-02
-1.412262e-01 -5.331492e-02
-1.487416e-01 -5.294504e-02
-1.561242e-01 -5.256893e-02
-1.633762e-01 -5.218739e-02
-1.705000e-01 -5.180110e-02
-1.774979e-01 -5.141067e-02
-1.843720e-01 -5.101665e-02
-1.911247e-01 -5.061952e-02
-1.977579e-01 -5.021975e-02
-2.042739e-01 -4.981773e-02
-2.106747e-01 -4.941385e-02
-2.169623e-01 -4.900847e-02
-2.231387e-01 -4.860192e-02
-2.292059e-01 -4.819452e-02
-2.351659e-01 -4.778657e-02
-2.410204e-01 -4.737838e-02
-2.467715e-01 -4.697023e-02
-2.524209e-01 -4.656239e-02
-2.579704e-01 -4.615514e-02
-2.634218e-01 -4.574872e-02
-2.687768e-01 -4.534337e-02
-2.740372e-01 -4.493933e-02
-2.792045e-01 -4.453674e-02
-2.842806e-01 -4.413576e-02
-2.892669e-01 -4.373648e-02
-2.941650e-01 -4.333897e-02
-2.989765e-01 -4.294327e-02
-3.037030e-01 -4.254942e-02
-3.083458e-01 -4.215740e-02
-3.129066e-01 -4.176724e-02
-3.173866e-01 -4.137887e-02
-3.217874e-01 -4.099229e-02
-3.261103e-01 -4.060747e-02
-3.303568e-01 -4.022432e-02
-3.345280e-01 -3.984282e-02
-3.386254e-01 -3.946296e-02
-3.426502e-01 -3.908477e-02
-3.466037e-01 -3.870827e-02
-3.504871e-01 -3.833350e-02
-3.543018e-01 -3.796050e-02
-3.580488e-01 -3.758927e-02
-3.617293e-01 -3.721983e-02
-3.653447e-01 -3.685217e-02
-3.688960e-01 -3.648626e-02
-3.723844e-01 -3.612208e-02
-3.758110e-01 -3.575957e-02
-3.791768e-01 -3.539869e-02
-3.824829e-01 -3.503935e-02
-3.857303e-01 -3.468147e-02
-3.889200e-01 -3.432496e-02
-3.920530e-01 -3.396970e-02
-3.951303e-01 -3.361560e-02
-3.981529e-01 -3.326252e-02
-4.011217e-01 -3.291035e-02
-4.040376e-01 -3.255896e-02
-4.069015e-01 -3.220823e-02
-4.097143e-01 -3.185803e-02
-4.124769e-01 -3.150823e-02
-4.151902e-01 -3.115869e-02
-4.178549e-01 -3.080936e-02
-4.204720e-01 -3.046007e-02
-4.230421e-01 -3.011073e-02
-4.255662e-01 -2.976120e-02
-4.280450e-01 -2.941139e-02
-4.304792e-01 -2.906116e-02
-4.328697e-01 -2.871039e-02
-4.352171e-01 -2.835895e-02
-4.375221e-01 -2.800669e-02
-4.397854e-01 -2.765348e-02
-4.420078e-01 -2.729914e-02
-4.441899e-01 -2.694353e-02
-4.463323e-01 -2.658645e-02
-4.484356e-01 -2.622774e-02
-4.505005e-01 -2.586717e-02
-4.525276e-01 -2.550455e-02
-4.545175e-01 -2.513964e-02
-4.564706e-01 -2.477217e-02
-4.583876e-01 -2.440189e-02
-4.602689e-01 -2.402848e-02
-4.621151e-01 -2.365162e-02
-4.639266e-01 -2.327092e-02
-4.657038e-01 -2.288597e-02
-4.674472e-01 -2.249629e-02
-4.691571e-01 -2.210136e-02
-4.708338e-01 -2.170059e-02
-4.724778e-01 -2.129339e-02
-4.740892e-01 -2.087910e-02
-4.756684e-01 -2.045708e-02
-4.772154e-01 -2.002660e-02
-4.787306e-01 -1.958690e-02
-4.802138e-01 -1.913705e-02
-4.816651e-01 -1.867601e-02
-4.830844e-01 -1.820249e-02
-4.844711e-01 -1.771495e-02
-4.858246e-01 -1.721133e-02
-4.871439e-01 -1.668913e-02
-4.884273e-01 -1.614518e-02
-4.896726e-01 -1.557604e-02
-4.908769e-01 -1.497740e-02
-4.920361e-01 -1.434360e-02
-4.931405e-01 -1.366101e-02
-4.941736e-01 -1.291207e-02
-4.951284e-01 -1.209967e-02
-4.959988e-01 -1.122811e-02
-4.967784e-01 -1.030260e-02
-4.974644e-01 -9.331753e-03
-4.980570e-01 -8.325477e-03
-4.985590e-01 -7.294009e-03
-4.989753e-01 -6.246871e-03
-4.993119e-01 -5.192347e-03
-4.995751e-01 -4.137311e-03
-4.997711e-01 -3.087255e-03
-4.999054e-01 -2.046616e-03
-4.999831e-01 -1.018416e-03
-5.000000e-01 -3.378350e-04
-5.000000e-01 0.000000e+00