-5.000049e-01 0.000000e+00
-4.999657e-01 -1.098067e-03
-4.998479e-01 -2.196133e-03
-4.996513e-01 -3.294200e-03
-4.993752e-01 -4.392267e-03
-4.990187e-01 -5.490333e-03
-4.985809e-01 -6.588400e-03
-4.980604e-01 -7.686467e-03
-4.974556e-01 -8.784533e-03
-4.967648e-01 -9.882600e-03
-4.959860e-01 -1.098067e-02
-4.951168e-01 -1.207873e-02
-4.941549e-01 -1.317680e-02
-4.930974e-01 -1.427487e-02
-4.919414e-01 -1.537293e-02
-4.906837e-01 -1.647100e-02
-4.891724e-01 -1.777240e-02
-4.872838e-01 -1.911597e-02
-4.846439e-01 -2.086073e-02
-4.812566e-01 -2.289453e-02
-4.771273e-01 -2.510695e-02
-4.722623e-01 -2.741373e-02
-4.666692e-01 -2.977441e-02
-4.603564e-01 -3.215108e-02
-4.533338e-01 -3.451184e-02
-4.456122e-01 -3.683522e-02
-4.372035e-01 -3.910245e-02
-4.281207e-01 -4.129767e-02
-4.183777e-01 -4.340776e-02
-4.079897e-01 -4.542208e-02
-3.969725e-01 -4.733101e-02
-3.853432e-01 -4.912542e-02
-3.731198e-01 -5.079786e-02
-3.603210e-01 -5.234327e-02
-3.469667e-01 -5.375587e-02
-3.330773e-01 -5.503046e-02
-3.186744e-01 -5.616324e-02
-3.037801e-01 -5.715196e-02
-2.884174e-01 -5.799514e-02
-2.726100e-01 -5.869091e-02
-2.563822e-01 -5.923976e-02
-2.397591e-01 -5.964206e-02
-2.227663e-01 -5.989782e-02
-2.054301e-01 -6.001067e-02
-1.877770e-01 -5.998319e-02
-1.698344e-01 -5.981816e-02
-1.516300e-01 -5.951935e-02
-1.331918e-01 -5.909126e-02
-1.145481e-01 -5.853874e-02
-9.572789e-02 -5.786779e-02
-7.676005e-02 -5.708407e-02
-5.767384e-02 -5.619311e-02
-3.849870e-02 -5.520119e-02
-1.926420e-02 -5.411499e-02
3.004579e-17 -5.294053e-02
1.926420e-02 -5.168457e-02
3.849870e-02 -5.035437e-02
5.767384e-02 -4.895646e-02
7.676005e-02 -4.749689e-02
9.572789e-02 -4.598278e-02
1.145481e-01 -4.442106e-02
1.331918e-01 -4.281745e-02
1.516300e-01 -4.117764e-02
1.698344e-01 -3.950939e-02
1.877770e-01 -3.781780e-02
2.054301e-01 -3.610882e-02
2.227663e-01 -3.438854e-02
2.397591e-01 -3.266183e-02
2.563822e-01 -3.093610e-02
2.726100e-01 -2.921546e-02
2.884174e-01 -2.750532e-02
3.037801e-01 -2.581184e-02
3.186744e-01 -2.413931e-02
3.330773e-01 -2.249444e-02
3.469667e-01 -2.088167e-02
3.603210e-01 -1.930559e-02
3.731198e-01 -1.777210e-02
3.853432e-01 -1.628647e-02
3.969725e-01 -1.485333e-02
4.079897e-01 -1.347735e-02
4.183777e-01 -1.216385e-02
4.281207e-01 -1.091805e-02
4.372035e-01 -9.743085e-03
4.456122e-01 -8.643717e-03
4.533338e-01 -7.624680e-03
4.603564e-01 -6.689628e-03
4.666692e-01 -5.842642e-03
4.722623e-01 -5.086789e-03
4.771273e-01 -4.424766e-03
4.812566e-01 -3.859638e-03
4.846439e-01 -3.393984e-03
4.872838e-01 -3.029825e-03
4.891724e-01 -2.768670e-03
4.903067e-01 -2.611567e-03
4.906850e-01 -2.559132e-03
4.947530e-01 -1.994000e-03
4.973148e-01 -1.633617e-03
4.998765e-01 -1.270537e-03
5.024382e-01 -7.706875e-04
5.050000e-01 -2.842171e-14
-5.000049e-01 0.000000e+00
-4.999657e-01 1.098067e-03
-4.998479e-01 2.196133e-03
-4.996513e-01 3.294200e-03
-4.993752e-01 4.392267e-03
-4.990187e-01 5.490333e-03
-4.985809e-01 6.588400e-03
-4.980604e-01 7.686467e-03
-4.974556e-01 8.784533e-03
-4.967648e-01 9.882600e-03
-4.959860e-01 1.098067e-02
-4.951168e-01 1.207873e-02
-4.941549e-01 1.317680e-02
-4.930974e-01 1.427487e-02
-4.919414e-01 1.537293e-02
-4.906837e-01 1.647100e-02
-4.891711e-01 1.768269e-02
-4.872825e-01 1.908620e-02
-4.846426e-01 2.086870e-02
-4.812553e-01 2.290344e-02
-4.771261e-01 2.510385e-02
-4.722611e-01 2.741369e-02
-4.666679e-01 2.977601e-02
-4.603552e-01 3.215113e-02
-4.533326e-01 3.451224e-02
-4.456110e-01 3.683564e-02
-4.372023e-01 3.910272e-02
-4.281195e-01 4.129795e-02
-4.183765e-01 4.340801e-02
-4.079885e-01 4.542230e-02
-3.969713e-01 4.733121e-02
-3.853421e-01 4.912558e-02
-3.731187e-01 5.079801e-02
-3.603199e-01 5.234339e-02
-3.469656e-01 5.375598e-02
-3.330763e-01 5.503055e-02
-3.186734e-01 5.616332e-02
-3.037791e-01 5.715202e-02
-2.884164e-01 5.799519e-02
-2.726090e-01 5.869095e-02
-2.563812e-01 5.923979e-02
-2.397582e-01 5.964208e-02
-2.227654e-01 5.989783e-02
-2.054291e-01 6.001067e-02
-1.877761e-01 5.998318e-02
-1.698336e-01 5.981814e-02
-1.516292e-01 5.951933e-02
-1.331909e-01 5.909124e-02
-1.145473e-01 5.853871e-02
-9.572712e-02 5.786776e-02
-7.675930e-02 5.708404e-02
-5.767312e-02 5.619308e-02
-3.849801e-02 5.520115e-02
-1.926353e-02 5.411495e-02
6.452469e-07 5.294049e-02
1.926482e-02 5.168453e-02
3.849930e-02 5.035433e-02
5.767441e-02 4.895642e-02
7.676059e-02 4.749684e-02
9.572841e-02 4.598274e-02
1.145486e-01 4.442102e-02
1.331922e-01 4.281741e-02
1.516304e-01 4.117760e-02
1.698349e-01 3.950936e-02
1.877774e-01 3.781777e-02
2.054304e-01 3.610879e-02
2.227667e-01 3.438850e-02
2.397594e-01 3.266179e-02
2.563825e-01 3.093607e-02
2.726103e-01 2.921543e-02
2.884177e-01 2.750529e-02
3.037804e-01 2.581182e-02
3.186746e-01 2.413928e-02
3.330776e-01 2.249442e-02
3.469669e-01 2.088165e-02
3.603212e-01 1.930556e-02
3.731200e-01 1.777208e-02
3.853434e-01 1.628646e-02
3.969726e-01 1.485331e-02
4.079898e-01 1.347733e-02
4.183778e-01 1.216384e-02
4.281208e-01 1.091804e-02
4.372036e-01 9.743076e-03
4.456123e-01 8.643709e-03
4.533339e-01 7.624674e-03
4.603565e-01 6.689622e-03
4.666692e-01 5.842637e-03
4.722624e-01 5.086786e-03
4.771274e-01 4.424764e-03
4.812566e-01 3.859636e-03
4.846439e-01 3.393983e-03
4.872838e-01 3.029824e-03
4.891724e-01 2.768669e-03
4.903067e-01 2.611567e-03
4.906850e-01 2.559132e-03
4.947530e-01 1.994000e-03
4.973148e-01 1.633617e-03
4.998765e-01 1.270537e-03
5.024382e-01 7.706875e-04
5.050000e-01 2.842171e-14
