-5.000000e-01 1.000000e-05
-4.999986e-01 -1.906000e-04
-4.999940e-01 -3.912000e-04
-4.999863e-01 -5.918000e-04
-4.999753e-01 -7.924000e-04
-4.999609e-01 -9.930000e-04
-4.999430e-01 -1.193600e-03
-4.999216e-01 -1.394200e-03
-4.998966e-01 -1.594800e-03
-4.998680e-01 -1.795400e-03
-4.998355e-01 -1.996000e-03
-4.997991e-01 -2.196600e-03
-4.997588e-01 -2.397200e-03
-4.997144e-01 -2.597800e-03
-4.996658e-01 -2.798400e-03
-4.996130e-01 -2.999000e-03
-4.993700e-01 -3.772000e-03
-4.990710e-01 -4.519000e-03
-4.987200e-01 -5.241000e-03
-4.983210e-01 -5.937000e-03
-4.978790e-01 -6.609000e-03
-4.973970e-01 -7.259000e-03
-4.968770e-01 -7.891000e-03
-4.963230e-01 -8.504000e-03
-4.957340e-01 -9.103000e-03
-4.951120e-01 -9.691000e-03
-4.944570e-01 -1.026800e-02
-4.937690e-01 -1.083800e-02
-4.930460e-01 -1.140300e-02
-4.922890e-01 -1.196300e-02
-4.914950e-01 -1.252200e-02
-4.906630e-01 -1.308100e-02
-4.897920e-01 -1.364000e-02
-4.888800e-01 -1.420100e-02
-4.879240e-01 -1.476600e-02
-4.869230e-01 -1.533600e-02
-4.858750e-01 -1.591100e-02
-4.836280e-01 -1.708200e-02
-4.824250e-01 -1.768000e-02
-4.811650e-01 -1.828700e-02
-4.798470e-01 -1.890300e-02
-4.784680e-01 -1.953000e-02
-4.739390e-01 -2.147900e-02
-4.722910e-01 -2.215300e-02
-4.705700e-01 -2.283900e-02
-4.687720e-01 -2.353800e-02
-4.668950e-01 -2.424900e-02
-4.649370e-01 -2.497200e-02
-4.607650e-01 -2.645400e-02
-4.585450e-01 -2.721100e-02
-4.562330e-01 -2.797900e-02
-4.538250e-01 -2.875500e-02
-4.487110e-01 -3.033300e-02
-4.460000e-01 -3.113100e-02
-4.431820e-01 -3.193500e-02
-4.402550e-01 -3.274300e-02
-4.372160e-01 -3.355500e-02
-4.340630e-01 -3.437100e-02
-4.307920e-01 -3.518700e-02
-4.274010e-01 -3.600600e-02
-4.238890e-01 -3.682500e-02
-4.202510e-01 -3.764500e-02
-4.164870e-01 -3.846400e-02
-4.125940e-01 -3.928200e-02
-4.085690e-01 -4.009900e-02
-4.044100e-01 -4.091500e-02
-4.001140e-01 -4.172800e-02
-3.956800e-01 -4.253800e-02
-3.911040e-01 -4.334300e-02
-3.815210e-01 -4.493800e-02
-3.765080e-01 -4.572500e-02
-3.660300e-01 -4.726800e-02
-3.605600e-01 -4.802100e-02
-3.549330e-01 -4.875900e-02
-3.491480e-01 -4.948100e-02
-3.432020e-01 -5.018300e-02
-3.370930e-01 -5.086500e-02
-3.308200e-01 -5.152300e-02
-3.243810e-01 -5.215700e-02
-3.177730e-01 -5.276300e-02
-3.109970e-01 -5.334100e-02
-3.040500e-01 -5.388800e-02
-2.969310e-01 -5.440100e-02
-2.896390e-01 -5.488000e-02
-2.821720e-01 -5.532100e-02
-2.745300e-01 -5.572400e-02
-2.667110e-01 -5.608400e-02
-2.587160e-01 -5.640000e-02
-2.505430e-01 -5.666800e-02
-2.336640e-01 -5.705200e-02
-2.160710e-01 -5.720900e-02
-2.070090e-01 -5.719500e-02
-1.977680e-01 -5.711500e-02
-1.883510e-01 -5.696600e-02
-1.787590e-01 -5.674500e-02
-1.689910e-01 -5.644800e-02
-1.590510e-01 -5.607300e-02
-1.489400e-01 -5.561900e-02
-1.386590e-01 -5.508100e-02
-1.282120e-01 -5.446000e-02
-1.175990e-01 -5.375300e-02
-1.068240e-01 -5.295900e-02
-9.589000e-02 -5.207900e-02
-8.479900e-02 -5.111200e-02
-7.355600e-02 -5.005900e-02
-6.216300e-02 -4.892300e-02
-5.062500e-02 -4.770300e-02
-3.894600e-02 -4.640200e-02
-1.518200e-02 -4.356300e-02
-3.107000e-03 -4.202800e-02
9.089000e-03 -4.042100e-02
2.140100e-02 -3.874200e-02
3.382300e-02 -3.699700e-02
4.634700e-02 -3.518800e-02
5.896700e-02 -3.332100e-02
7.167500e-02 -3.139900e-02
8.446500e-02 -2.942900e-02
9.732800e-02 -2.741600e-02
1.102550e-01 -2.536800e-02
1.232380e-01 -2.329100e-02
1.362680e-01 -2.119500e-02
1.493340e-01 -1.908700e-02
1.624260e-01 -1.697700e-02
1.755340e-01 -1.487800e-02
1.886460e-01 -1.280000e-02
2.017510e-01 -1.075700e-02
2.148360e-01 -8.766000e-03
2.278890e-01 -6.843000e-03
2.408960e-01 -5.006000e-03
2.667120e-01 -1.667000e-03
2.794890e-01 -2.030000e-04
2.921540e-01 1.101000e-03
3.046870e-01 2.231000e-03
3.170680e-01 3.179000e-03
3.292730e-01 3.937000e-03
3.412780e-01 4.508000e-03
3.645860e-01 5.108000e-03
3.758370e-01 5.161000e-03
3.867830e-01 5.072000e-03
3.973970e-01 4.859000e-03
4.076530e-01 4.541000e-03
4.175200e-01 4.137000e-03
4.269720e-01 3.665000e-03
4.359800e-01 3.141000e-03
4.445150e-01 2.582000e-03
4.525460e-01 2.002000e-03
4.600440e-01 1.413000e-03
4.669770e-01 8.290000e-04
4.790250e-01 -2.760000e-04
4.840750e-01 -7.740000e-04
4.884340e-01 -1.222000e-03
4.920730e-01 -1.609000e-03
4.940547e-01 -1.825676e-03
4.960365e-01 -2.045525e-03
4.980182e-01 -2.269111e-03
5.000000e-01 -2.497000e-03
-5.000000e-01 1.000000e-05
-4.999983e-01 2.106000e-04
-4.999937e-01 4.112000e-04
-4.999861e-01 6.118000e-04
-4.999757e-01 8.124000e-04
-4.999625e-01 1.013000e-03
-4.999466e-01 1.213600e-03
-4.999280e-01 1.414200e-03
-4.999068e-01 1.614800e-03
-4.998830e-01 1.815400e-03
-4.998568e-01 2.016000e-03
-4.998281e-01 2.216600e-03
-4.997971e-01 2.417200e-03
-4.997637e-01 2.617800e-03
-4.997280e-01 2.818400e-03
-4.996901e-01 3.019000e-03
-4.994830e-01 3.953000e-03
-4.992270e-01 4.905000e-03
-4.989180e-01 5.876000e-03
-4.985550e-01 6.866000e-03
-4.981370e-01 7.874000e-03
-4.976600e-01 8.900000e-03
-4.971210e-01 9.943000e-03
-4.965150e-01 1.100100e-02
-4.958390e-01 1.207300e-02
-4.950880e-01 1.315700e-02
-4.942590e-01 1.425000e-02
-4.933470e-01 1.534800e-02
-4.923490e-01 1.645000e-02
-4.912630e-01 1.755100e-02
-4.900850e-01 1.865100e-02
-4.888140e-01 1.974600e-02
-4.874470e-01 2.083400e-02
-4.859830e-01 2.191400e-02
-4.844200e-01 2.298400e-02
-4.827580e-01 2.404300e-02
-4.809950e-01 2.509100e-02
-4.791300e-01 2.612700e-02
-4.771620e-01 2.715000e-02
-4.750890e-01 2.816100e-02
-4.729110e-01 2.915900e-02
-4.706250e-01 3.014500e-02
-4.682310e-01 3.111900e-02
-4.657270e-01 3.208000e-02
-4.631110e-01 3.303000e-02
-4.603820e-01 3.396900e-02
-4.575380e-01 3.489700e-02
-4.545770e-01 3.581500e-02
-4.514970e-01 3.672300e-02
-4.482960e-01 3.762000e-02
-4.449730e-01 3.850900e-02
-4.415250e-01 3.938800e-02
-4.379510e-01 4.025800e-02
-4.342470e-01 4.111900e-02
-4.304130e-01 4.197300e-02
-4.264460e-01 4.281800e-02
-4.223430e-01 4.365500e-02
-4.181040e-01 4.448400e-02
-4.137250e-01 4.530500e-02
-4.092050e-01 4.611700e-02
-4.045410e-01 4.692200e-02
-3.997310e-01 4.771700e-02
-3.947730e-01 4.850500e-02
-3.896650e-01 4.928400e-02
-3.844050e-01 5.005400e-02
-3.789910e-01 5.081500e-02
-3.734210e-01 5.156800e-02
-3.676930e-01 5.231300e-02
-3.618050e-01 5.304700e-02
-3.557560e-01 5.377300e-02
-3.495430e-01 5.448800e-02
-3.431640e-01 5.519300e-02
-3.366190e-01 5.588700e-02
-3.299050e-01 5.657000e-02
-3.230200e-01 5.724100e-02
-3.159630e-01 5.789800e-02
-3.087330e-01 5.854300e-02
-3.013290e-01 5.917300e-02
-2.937490e-01 5.978900e-02
-2.859920e-01 6.039000e-02
-2.780570e-01 6.097500e-02
-2.699430e-01 6.154300e-02
-2.616490e-01 6.209300e-02
-2.531750e-01 6.262400e-02
-2.445190e-01 6.313600e-02
-2.356830e-01 6.362700e-02
-2.266650e-01 6.409700e-02
-2.174660e-01 6.454500e-02
-2.080850e-01 6.496800e-02
-1.985230e-01 6.536800e-02
-1.887810e-01 6.574100e-02
-1.788590e-01 6.608900e-02
-1.687570e-01 6.640800e-02
-1.584780e-01 6.669800e-02
-1.480220e-01 6.695800e-02
-1.373910e-01 6.718700e-02
-1.265880e-01 6.738100e-02
-1.156130e-01 6.754200e-02
-1.044710e-01 6.766600e-02
-9.316200e-02 6.775300e-02
-8.169100e-02 6.779900e-02
-7.006200e-02 6.780300e-02
-5.827700e-02 6.776400e-02
-4.634100e-02 6.767900e-02
-3.425800e-02 6.754500e-02
-2.203300e-02 6.736100e-02
-9.673000e-03 6.712300e-02
2.818000e-03 6.682900e-02
1.543300e-02 6.647700e-02
2.816500e-02 6.606300e-02
4.100800e-02 6.558300e-02
5.395300e-02 6.503700e-02
6.699200e-02 6.441900e-02
8.011600e-02 6.372800e-02
9.331500e-02 6.296000e-02
1.065810e-01 6.211200e-02
1.199010e-01 6.118100e-02
1.332640e-01 6.016300e-02
1.466590e-01 5.905500e-02
1.600710e-01 5.785600e-02
1.734900e-01 5.656100e-02
1.868990e-01 5.516700e-02
2.002840e-01 5.367000e-02
2.136290e-01 5.206900e-02
2.269180e-01 5.036000e-02
2.401330e-01 4.854700e-02
2.532590e-01 4.663700e-02
2.662790e-01 4.464100e-02
2.791760e-01 4.257500e-02
2.919340e-01 4.046000e-02
3.045350e-01 3.831400e-02
3.169610e-01 3.615500e-02
3.291940e-01 3.400000e-02
3.412130e-01 3.185900e-02
3.529970e-01 2.974500e-02
3.645220e-01 2.766400e-02
3.757660e-01 2.562700e-02
3.867050e-01 2.363800e-02
3.973110e-01 2.170500e-02
4.075610e-01 1.983500e-02
4.174260e-01 1.803100e-02
4.268780e-01 1.630000e-02
4.358890e-01 1.464500e-02
4.444290e-01 1.307000e-02
4.524670e-01 1.158000e-02
4.599730e-01 1.017900e-02
4.669150e-01 8.875000e-03
4.732610e-01 7.673000e-03
4.789790e-01 6.581000e-03
4.840380e-01 5.608000e-03
4.884040e-01 4.763000e-03
4.920500e-01 4.053000e-03
4.940375e-01 3.665677e-03
4.960250e-01 3.277385e-03
4.980125e-01 2.888650e-03
5.000000e-01 2.500000e-03
