5.000000e-01 -2.496667e-03
4.972153e-01 -2.178000e-03
4.949900e-01 -1.928667e-03
4.920733e-01 -1.609333e-03
4.884340e-01 -1.222000e-03
4.840753e-01 -7.740000e-04
4.790253e-01 -2.760000e-04
4.733153e-01 2.626667e-04
4.669773e-01 8.293333e-04
4.600440e-01 1.413333e-03
4.525460e-01 2.002000e-03
4.445147e-01 2.582000e-03
4.359800e-01 3.141333e-03
4.269720e-01 3.664667e-03
4.175200e-01 4.136667e-03
4.076527e-01 4.540667e-03
3.973973e-01 4.859333e-03
3.867833e-01 5.072000e-03
3.758373e-01 5.161333e-03
3.645860e-01 5.108000e-03
3.530573e-01 4.894667e-03
3.412780e-01 4.508000e-03
3.292733e-01 3.937333e-03
3.170680e-01 3.178667e-03
3.046873e-01 2.231333e-03
2.921540e-01 1.100667e-03
2.794887e-01 -2.033333e-04
2.667120e-01 -1.667333e-03
2.538420e-01 -3.274000e-03
2.408960e-01 -5.006000e-03
2.278893e-01 -6.842667e-03
2.148360e-01 -8.766000e-03
2.017507e-01 -1.075733e-02
1.886460e-01 -1.280000e-02
1.755340e-01 -1.487800e-02
1.624260e-01 -1.697733e-02
1.493340e-01 -1.908667e-02
1.362680e-01 -2.119467e-02
1.232380e-01 -2.329133e-02
1.102553e-01 -2.536800e-02
9.732800e-02 -2.741600e-02
8.446533e-02 -2.942867e-02
7.167533e-02 -3.139867e-02
5.896667e-02 -3.332067e-02
4.634667e-02 -3.518800e-02
3.382267e-02 -3.699667e-02
2.140133e-02 -3.874200e-02
9.089333e-03 -4.042067e-02
-3.106667e-03 -4.202800e-02
-1.518200e-02 -4.356267e-02
-2.713000e-02 -4.502133e-02
-3.894600e-02 -4.640200e-02
-5.062533e-02 -4.770333e-02
-6.216333e-02 -4.892333e-02
-7.355600e-02 -5.005933e-02
-8.479933e-02 -5.111200e-02
-9.589000e-02 -5.207867e-02
-1.068240e-01 -5.295867e-02
-1.175987e-01 -5.375267e-02
-1.282120e-01 -5.446000e-02
-1.386593e-01 -5.508133e-02
-1.489400e-01 -5.561867e-02
-1.590513e-01 -5.607333e-02
-1.689913e-01 -5.644800e-02
-1.787587e-01 -5.674467e-02
-1.883513e-01 -5.696600e-02
-1.977680e-01 -5.711533e-02
-2.070087e-01 -5.719533e-02
-2.160713e-01 -5.720933e-02
-2.249567e-01 -5.716000e-02
-2.336640e-01 -5.705200e-02
-2.421927e-01 -5.688667e-02
-2.505433e-01 -5.666800e-02
-2.587160e-01 -5.640000e-02
-2.667113e-01 -5.608400e-02
-2.745300e-01 -5.572400e-02
-2.821720e-01 -5.532133e-02
-2.896387e-01 -5.488000e-02
-2.969307e-01 -5.440133e-02
-3.040500e-01 -5.388800e-02
-3.109973e-01 -5.334133e-02
-3.177733e-01 -5.276333e-02
-3.243807e-01 -5.215733e-02
-3.308200e-01 -5.152333e-02
-3.370933e-01 -5.086533e-02
-3.432020e-01 -5.018333e-02
-3.491480e-01 -4.948067e-02
-3.549333e-01 -4.875933e-02
-3.605600e-01 -4.802133e-02
-3.660300e-01 -4.726800e-02
-3.713453e-01 -4.650200e-02
-3.765080e-01 -4.572467e-02
-3.815207e-01 -4.493800e-02
-3.863853e-01 -4.414400e-02
-3.911040e-01 -4.334333e-02
-3.956800e-01 -4.253800e-02
-4.001140e-01 -4.172800e-02
-4.044100e-01 -4.091533e-02
-4.085687e-01 -4.009933e-02
-4.125940e-01 -3.928200e-02
-4.164873e-01 -3.846400e-02
-4.202513e-01 -3.764467e-02
-4.238887e-01 -3.682467e-02
-4.274013e-01 -3.600600e-02
-4.307920e-01 -3.518733e-02
-4.340627e-01 -3.437067e-02
-4.372160e-01 -3.355533e-02
-4.402553e-01 -3.274333e-02
-4.431820e-01 -3.193533e-02
-4.460000e-01 -3.113133e-02
-4.487113e-01 -3.033267e-02
-4.513187e-01 -2.954000e-02
-4.538247e-01 -2.875533e-02
-4.562327e-01 -2.797867e-02
-4.585453e-01 -2.721133e-02
-4.607647e-01 -2.645400e-02
-4.628947e-01 -2.570733e-02
-4.649373e-01 -2.497200e-02
-4.668953e-01 -2.424867e-02
-4.687720e-01 -2.353800e-02
-4.705700e-01 -2.283933e-02
-4.722913e-01 -2.215267e-02
-4.739393e-01 -2.147933e-02
-4.755167e-01 -2.081733e-02
-4.770253e-01 -2.016800e-02
-4.784680e-01 -1.953000e-02
-4.798473e-01 -1.890333e-02
-4.811653e-01 -1.828667e-02
-4.824247e-01 -1.768000e-02
-4.836280e-01 -1.708200e-02
-4.847773e-01 -1.649267e-02
-4.858747e-01 -1.591133e-02
-4.869233e-01 -1.533600e-02
-4.879240e-01 -1.476600e-02
-4.888800e-01 -1.420133e-02
-4.897920e-01 -1.364000e-02
-4.906633e-01 -1.308067e-02
-4.914947e-01 -1.252200e-02
-4.922887e-01 -1.196333e-02
-4.930460e-01 -1.140267e-02
-4.937687e-01 -1.083800e-02
-4.944567e-01 -1.026800e-02
-4.951120e-01 -9.690667e-03
-4.957340e-01 -9.103333e-03
-4.963227e-01 -8.504000e-03
-4.968773e-01 -7.890667e-03
-4.973973e-01 -7.259333e-03
-4.978793e-01 -6.609333e-03
-4.983213e-01 -5.936667e-03
-4.987200e-01 -5.240667e-03
-4.990707e-01 -4.519333e-03
-4.993700e-01 -3.772000e-03
-4.996133e-01 -2.999333e-03
-4.997980e-01 -2.202000e-03
-4.999227e-01 -1.380667e-03
-4.999887e-01 -5.386667e-04
-5.000000e-01 0.000000e+00
-4.999960e-01 3.233333e-04
-4.999473e-01 1.204000e-03
-4.998447e-01 2.102667e-03
-4.996900e-01 3.018667e-03
-4.994833e-01 3.953333e-03
-4.992267e-01 4.905333e-03
-4.989180e-01 5.876000e-03
-4.985553e-01 6.866000e-03
-4.981373e-01 7.874000e-03
-4.976600e-01 8.900000e-03
-4.971207e-01 9.942667e-03
-4.965147e-01 1.100133e-02
-4.958387e-01 1.207333e-02
-4.950880e-01 1.315733e-02
-4.942587e-01 1.425000e-02
-4.933467e-01 1.534800e-02
-4.923493e-01 1.645000e-02
-4.912633e-01 1.755133e-02
-4.900853e-01 1.865133e-02
-4.888140e-01 1.974600e-02
-4.874467e-01 2.083400e-02
-4.859827e-01 2.191400e-02
-4.844200e-01 2.298400e-02
-4.827580e-01 2.404333e-02
-4.809953e-01 2.509133e-02
-4.791300e-01 2.612667e-02
-4.771620e-01 2.715000e-02
-4.750893e-01 2.816067e-02
-4.729107e-01 2.915933e-02
-4.706253e-01 3.014467e-02
-4.682313e-01 3.111867e-02
-4.657273e-01 3.208000e-02
-4.631113e-01 3.303000e-02
-4.603820e-01 3.396933e-02
-4.575380e-01 3.489733e-02
-4.545767e-01 3.581467e-02
-4.514967e-01 3.672267e-02
-4.482960e-01 3.762000e-02
-4.449733e-01 3.850867e-02
-4.415253e-01 3.938800e-02
-4.379507e-01 4.025800e-02
-4.342473e-01 4.111933e-02
-4.304133e-01 4.197267e-02
-4.264460e-01 4.281800e-02
-4.223433e-01 4.365467e-02
-4.181040e-01 4.448400e-02
-4.137253e-01 4.530467e-02
-4.092047e-01 4.611733e-02
-4.045407e-01 4.692200e-02
-3.997307e-01 4.771733e-02
-3.947727e-01 4.850467e-02
-3.896647e-01 4.928400e-02
-3.844047e-01 5.005400e-02
-3.789907e-01 5.081533e-02
-3.734207e-01 5.156800e-02
-3.676933e-01 5.231267e-02
-3.618053e-01 5.304733e-02
-3.557560e-01 5.377267e-02
-3.495427e-01 5.448800e-02
-3.431640e-01 5.519333e-02
-3.366187e-01 5.588733e-02
-3.299047e-01 5.657000e-02
-3.230200e-01 5.724067e-02
-3.159633e-01 5.789800e-02
-3.087333e-01 5.854267e-02
-3.013287e-01 5.917333e-02
-2.937487e-01 5.978933e-02
-2.859920e-01 6.039000e-02
-2.780567e-01 6.097533e-02
-2.699427e-01 6.154267e-02
-2.616487e-01 6.209267e-02
-2.531747e-01 6.262400e-02
-2.445193e-01 6.313600e-02
-2.356833e-01 6.362733e-02
-2.266653e-01 6.409733e-02
-2.174660e-01 6.454467e-02
-2.080853e-01 6.496800e-02
-1.985233e-01 6.536800e-02
-1.887807e-01 6.574133e-02
-1.788587e-01 6.608867e-02
-1.687567e-01 6.640800e-02
-1.584780e-01 6.669800e-02
-1.480220e-01 6.695800e-02
-1.373913e-01 6.718667e-02
-1.265880e-01 6.738133e-02
-1.156133e-01 6.754200e-02
-1.044707e-01 6.766600e-02
-9.316200e-02 6.775267e-02
-8.169133e-02 6.779867e-02
-7.006200e-02 6.780333e-02
-5.827667e-02 6.776400e-02
-4.634067e-02 6.767933e-02
-3.425800e-02 6.754533e-02
-2.203333e-02 6.736133e-02
-9.673333e-03 6.712333e-02
2.818000e-03 6.682933e-02
1.543333e-02 6.647667e-02
2.816533e-02 6.606267e-02
4.100800e-02 6.558333e-02
5.395333e-02 6.503667e-02
6.699200e-02 6.441933e-02
8.011600e-02 6.372800e-02
9.331533e-02 6.296000e-02
1.065807e-01 6.211200e-02
1.199007e-01 6.118067e-02
1.332640e-01 6.016267e-02
1.466587e-01 5.905533e-02
1.600713e-01 5.785600e-02
1.734900e-01 5.656067e-02
1.868993e-01 5.516667e-02
2.002840e-01 5.367000e-02
2.136293e-01 5.206867e-02
2.269180e-01 5.036000e-02
2.401333e-01 4.854733e-02
2.532593e-01 4.663667e-02
2.662793e-01 4.464067e-02
2.791760e-01 4.257533e-02
2.919340e-01 4.046000e-02
3.045347e-01 3.831400e-02
3.169613e-01 3.615533e-02
3.291940e-01 3.400000e-02
3.412133e-01 3.185933e-02
3.529967e-01 2.974467e-02
3.645220e-01 2.766400e-02
3.757660e-01 2.562667e-02
3.867047e-01 2.363800e-02
3.973113e-01 2.170533e-02
4.075613e-01 1.983467e-02
4.174260e-01 1.803133e-02
4.268780e-01 1.630000e-02
4.358893e-01 1.464467e-02
4.444287e-01 1.307000e-02
4.524667e-01 1.158000e-02
4.599727e-01 1.017933e-02
4.669147e-01 8.874667e-03
4.732607e-01 7.672667e-03
4.789793e-01 6.580667e-03
4.840380e-01 5.608000e-03
4.884040e-01 4.762667e-03
4.920500e-01 4.053333e-03
4.949727e-01 3.483333e-03
4.972027e-01 3.047333e-03
5.000000e-01 2.500000e-03
